1. 5
2. 0
3. 0
4. 0
5. 6
6. 2
7. 2
8. 1
9. -1
10. 6
11. 0
12. 2
13. 6
14. 6
15. 0
16. 4
17. 0
18. 1
19. 12
20. 3
21. -2
22. -1
23. 12
24. 5
25. 1
26. 16
27. 1
28. -3
29. 8
30. 6
31. 0
32. 1
33. 7
34. 1
35. 4
36. 2
37. 12
38. 3
39. 0
40. 2
41. 6
42. 0
43. 1
44. 6
45. 0
46. 5
47. -1
48. 0
49. 4
50. 8
51. 0
52. 6
53. 0
54. -2
55. 4
56. 3
57. 1
58. -1
59. 3
60. 4
61. 4
62. 4
63. 0
64. 0
65. 2
66. 8
67. 1
68. 2
69. 0
70. 4
71. 5
72. 0
73. 7
74. 3
75. 2
76. 0
77. 0
78. 3
79. 4
80. 1
81. -3
82. 0
83. -3
84. 2
85. 9
86. 0
87. 3
88. 0
89. 3
90. 0
91. 1
92. -2
93. 0
94. 2
95. 8
96. 1
97. 0
98. 0
99. 4
100. 2
