1. 5 - 15
2. 5 - 7
3. 5 - 19
4. 10 - 13
5. 17 + 14
6. 3 / 6
7. 0 - 4
8. 18 * 9
9. 14 / 6
10. 2 + 9
11. 9 - 15
12. 18 * 17
13. 13 * 15
14. 11 + 14
15. 3 - 4
16. 18 + 19
17. 1 + 11
18. 9 - 15
19. 4 / 17
20. 6 - 17
21. 12 - 12
22. 0 - 7
23. 18 - 8
24. 10 - 10
25. 10 - 2
26. 4 + 14
27. 17 - 6
28. 18 / 8
29. 16 * 5
30. 4 * 15
31. 8 / 2
32. 14 + 17
33. 17 * 19
34. 2 * 11
35. 12 - 13
36. 12 - 18
37. 18 + 7
38. 11 + 13
39. 6 * 12
40. 9 / 14
41. 5 - 5
42. 1 / 11
43. 13 * 11
44. 7 + 13
45. 19 + 7
46. 4 / 8
47. 3 + 18
48. 0 / 9
49. 3 - 6
50. 11 - 12
